%YAML:1.0
---
HA: !!opencv-matrix
   rows: 256
   cols: 1
   dt: f
   data: [ 1.62767502e+02, 0., 6.53965533e-01, 8.89508820e+00,
       4.95981827e+01, 1.68188152e+01, 6.63069305e+01, 5.60547523e+01,
       1.48237137e+02, 2.79898132e+02, 1.78434265e+02, 1.49144196e+02,
       9.52272949e+01, 2.66238403e+02, 1.90308441e+02, 3.26268311e+02,
       5.00000031e+02, 1.74254974e+02, 2.90193817e+02, 3.57227356e+02,
       2.66732880e+02, 1.86733612e+02, 1.53597641e+02, 2.21457764e+02,
       1.32282471e+02, 1.48883224e+02, 1.40809769e+02, 2.64071625e+02,
       1.28681335e+02, 1.06561668e+02, 1.60390503e+02, 1.18005554e+02,
       1.26552277e+02, 1.78222122e+02, 1.81483017e+02, 1.92387527e+02,
       1.41637314e+02, 3.40068283e+01, 1.16874672e+02, 7.05422592e+01,
       6.64029770e+01, 4.35987587e+01, 2.42504120e+01, 4.05573235e+01,
       7.17683792e+01, 5.41044502e+01, 9.05552979e+01, 3.30792503e+01,
       1.69181061e+01, 1.91626530e+01, 2.14671459e+01, 3.45040855e+01,
       3.23768568e+00, 5.87913284e+01, 7.68266106e+00, 3.27385902e+01,
       8.52731228e+00, 4.62138033e+00, 5.48647261e+00, 8.93997848e-01,
       1.56319361e+01, 2.33766818e+00, 1.97704964e+01, 3.78130734e-01,
       9.02502155e+00, 3.57821852e-01, 1.19439383e+01, 2.32718158e+00,
       4.63526058e+00, 1.49835333e-01, 2.11623025e+00, 2.19735071e-01,
       1.64312378e-01, 4.10254097e+00, 2.87967652e-01, 7.99146712e-01,
       1.11909106e-01, 1.38668764e+00, 1.24915965e-01, 7.31887102e-01,
       5.21898210e-01, 2.29342356e-01, 2.44422719e-01, 5.55952609e-01,
       8.02627206e-02, 1.21978807e+00, 6.45037517e-02, 1.56802818e-01,
       9.21477854e-01, 8.34101215e-02, 5.49868882e-01, 1.69141874e-01,
       2.37349227e-01, 6.55368939e-02, 1.87538758e-01, 6.66143596e-02,
       1.94582418e-01, 4.95514572e-02, 1.22837633e-01, 1.56172439e-01,
       2.06764624e-01, 4.34259698e-02, 9.43718031e-02, 1.06263876e-01,
       4.86131012e-02, 1.38249891e-02, 1.10806115e-01, 6.79237470e-02,
       2.26416904e-02, 1.75375849e-01, 7.40409195e-02, 6.41707852e-02,
       2.85182372e-02, 3.39390263e-02, 6.15462251e-02, 6.39272779e-02,
       1.19192168e-01, 1.14841707e-01, 1.82446074e-02, 1.01657640e-02,
       2.76830178e-02, 2.26007216e-02, 4.03207242e-02, 1.82407722e-02,
       6.53481558e-02, 9.14927945e-02, 2.60824487e-02, 2.58243419e-02,
       2.67530624e-02, 5.81741482e-02, 8.57071877e-02, 5.97920734e-03,
       4.47526239e-02, 1.00817479e-01, 1.78981777e-02, 1.04491889e-01,
       6.67954609e-02, 5.81374168e-02, 1.07279904e-02, 1.90278385e-02,
       1.99663024e-02, 7.73070753e-03, 4.20111939e-02, 3.49775515e-02,
       2.62452886e-02, 4.93098237e-02, 8.48545730e-02, 4.73433621e-02,
       1.36105502e-02, 1.15980515e-02, 1.83676835e-02, 1.73861329e-02,
       9.64658393e-04, 1.16315670e-02, 2.61155553e-02, 7.29604380e-06,
       7.26783974e-03, 1.39245216e-03, 2.31555738e-02, 1.05579004e-01,
       1.92883387e-02, 5.50158434e-02, 6.66706860e-02, 3.82599002e-03,
       2.60394700e-02, 3.06239445e-02, 6.41127825e-02, 8.71124491e-03,
       4.92307842e-02, 5.79537731e-03, 2.47306656e-02, 4.10081558e-02,
       8.05297110e-04, 4.64150711e-04, 1.73760746e-02, 3.91826481e-02,
       8.79485524e-05, 9.28301422e-04, 1.52345065e-05, 1.25952289e-02,
       5.81061188e-03, 5.82094258e-03, 0., 4.05595936e-02, 0.,
       1.09440653e-05, 6.96226081e-04, 7.18782982e-03, 5.79537731e-03,
       4.64150711e-04, 3.46912108e-02, 4.64150711e-04, 0.,
       3.01478049e-05, 0., 0., 5.81061188e-03, 0., 5.82584646e-03,
       1.73861329e-02, 4.64150711e-04, 0., 0., 7.27140432e-05,
       5.15323773e-05, 5.79537731e-03, 7.27140432e-05, 5.82584646e-03,
       5.80299506e-03, 0., 0., 8.72353464e-03, 5.79537731e-03, 0.,
       3.04690129e-05, 5.79537731e-03, 0., 5.45355360e-05,
       2.89768865e-03, 3.63570216e-05, 5.00448572e-04, 0., 0.,
       1.52345065e-05, 0., 0., 0., 2.55650302e-05, 0., 0., 0., 0., 0.,
       0., 2.10633607e-05, 0., 0., 0., 0., 0., 2.10633607e-05, 0., 0.,
       0., 2.55650302e-05, 0., 2.55650302e-05, 0., 3.04690129e-05, 0.,
       0., 0., 0., 0., 0., 0. ]
