%YAML:1.0
---
HA: !!opencv-matrix
   rows: 256
   cols: 1
   dt: f
   data: [ 0., 0., 0., 0., 0., 0., 0., 0., 0., 0., 0., 0., 0., 0., 0.,
       8.18212330e-03, 1.07178887e-04, 0., 1.18499532e-01,
       3.76323611e-02, 1.07382037e-01, 2.87203580e-01, 3.17790914e+00,
       8.74867821e+00, 9.35365391e+00, 1.90341473e+01, 5.80956497e+01,
       8.46522522e+01, 3.37411774e+02, 2.24694519e+02, 2.16269775e+02,
       1.87376343e+02, 1.59236664e+02, 2.04950195e+02, 500.,
       2.20449402e+02, 1.73682404e+02, 1.32658356e+02, 7.46502914e+01,
       3.79880180e+01, 2.70123348e+01, 2.50778065e+01, 2.89917107e+01,
       1.76143703e+01, 2.31890373e+01, 2.88222504e+01, 3.72674408e+01,
       4.06455383e+01, 5.10854454e+01, 5.28347626e+01, 7.10468521e+01,
       1.10535393e+02, 6.94011917e+01, 7.73689804e+01, 6.89514618e+01,
       8.21737366e+01, 6.52850037e+01, 7.36100845e+01, 7.42024612e+01,
       8.59359360e+01, 1.10096542e+02, 2.57926941e+02, 1.77381348e+02,
       1.82269318e+02, 1.68756393e+02, 2.15839859e+02, 2.05664444e+02,
       1.67846252e+02, 1.30215118e+02, 1.04557198e+02, 6.37678299e+01,
       7.16248322e+01, 6.25473061e+01, 6.59824524e+01, 1.07218376e+02,
       8.81393738e+01, 9.81668549e+01, 1.21453201e+02, 1.81282288e+02,
       2.23585556e+02, 2.56899475e+02, 2.84602875e+02, 2.61576477e+02,
       1.87354172e+02, 1.26950233e+02, 6.05314445e+01, 3.27578011e+01,
       3.27438507e+01, 3.72533760e+01, 3.44515114e+01, 3.26395264e+01,
       1.77291088e+01, 1.44581642e+01, 1.45326128e+01, 1.34981298e+01,
       8.28685188e+00, 1.00353699e+01, 9.13471222e+00, 8.81157684e+00,
       8.68411827e+00, 9.01806259e+00, 1.22023573e+01, 6.93921328e+00,
       9.15786171e+00, 5.08989000e+00, 9.20600319e+00, 1.01148024e+01,
       7.29817057e+00, 8.54634666e+00, 1.22958345e+01, 9.06015396e+00,
       8.73100662e+00, 9.96184254e+00, 6.53815746e+00, 1.07198400e+01,
       9.71535587e+00, 6.77674437e+00, 6.88451290e+00, 7.65427017e+00,
       8.06342983e+00, 8.02079773e+00, 7.77339649e+00, 8.83593178e+00,
       7.84133339e+00, 8.37127590e+00, 1.05075369e+01, 1.13922291e+01,
       1.13188772e+01, 1.11627159e+01, 1.15318394e+01, 1.50150270e+01,
       1.43094816e+01, 1.25165558e+01, 1.47438889e+01, 1.98389263e+01,
       2.79459972e+01, 2.90469017e+01, 3.39332314e+01, 3.14742756e+01,
       2.69198284e+01, 2.28326321e+01, 1.97546940e+01, 2.58190861e+01,
       2.59664078e+01, 4.13032570e+01, 3.55990067e+01, 3.18470745e+01,
       3.13441582e+01, 3.40948753e+01, 3.13051777e+01, 3.59807549e+01,
       2.70876827e+01, 2.06126690e+01, 2.06220760e+01, 2.00189018e+01,
       2.77102814e+01, 3.48760147e+01, 3.76159134e+01, 2.85158215e+01,
       3.17338047e+01, 1.61513367e+01, 1.37034197e+01, 1.22870970e+01,
       1.07392111e+01, 1.19113979e+01, 1.66619148e+01, 7.20856524e+00,
       2.38597345e+00, 4.78569174e+00, 3.41554475e+00, 1.94992614e+00,
       1.14137745e+00, 3.04478836e+00, 2.35160708e+00, 1.92932558e+00,
       1.93072498e+00, 1.70207250e+00, 1.67044985e+00, 5.12366474e-01,
       6.99192166e-01, 6.84973300e-01, 1.06137860e+00, 1.09905791e+00,
       1.24780726e+00, 1.40519404e+00, 1.00397444e+00, 9.08547521e-01,
       8.22234452e-01, 8.46369028e-01, 8.83075058e-01, 8.36914241e-01,
       9.26943898e-01, 8.68990183e-01, 7.77016342e-01, 7.47595608e-01,
       7.11501002e-01, 7.17587888e-01, 7.60914564e-01, 7.62723446e-01,
       8.57781529e-01, 6.23635590e-01, 2.82641232e-01, 3.23197603e-01,
       3.02927047e-01, 3.62146050e-01, 5.27099609e-01, 3.30112815e-01,
       2.17474237e-01, 2.94782788e-01, 8.55470449e-02, 1.95403829e-01,
       1.99375883e-01, 8.26738700e-02, 2.14660734e-01, 2.35853672e-01,
       3.04197341e-01, 2.56476551e-01, 3.43728483e-01, 2.15732619e-01,
       1.78100243e-01, 1.77035868e-01, 1.64281368e-01, 1.97933003e-01,
       8.16800445e-02, 2.46080503e-01, 3.72542202e-01, 2.19447181e-01,
       3.92505437e-01, 2.56458819e-01, 6.08855367e-01, 4.26641881e-01,
       5.25591791e-01, 5.00771940e-01, 8.03092182e-01, 1.10160208e+00,
       6.32689059e-01, 8.16719532e-01, 8.33297431e-01, 4.09061551e-01,
       4.46221232e-01, 3.34658861e-01, 2.93336511e-01, 1.51013002e-01,
       1.02803297e-01, 6.34088278e-01, 2.57559776e-01, 2.45955110e-01,
       3.02618742e-01, 2.15519890e-01, 1.62156254e-01, 1.88883200e-01,
       7.34978542e-02, 1.42323509e-01, 5.32733835e-02, 0., 0. ]
