%YAML:1.0
---
HA: !!opencv-matrix
   rows: 256
   cols: 1
   dt: f
   data: [ 1.94137772e+02, 2.99190369e+02, 4.99999969e+02,
       4.13713287e+02, 3.72407745e+02, 2.05197861e+02, 1.69471619e+02,
       6.31502953e+01, 1.32504410e+02, 9.34634094e+01, 1.10116745e+02,
       4.03603096e+01, 2.47079887e+01, 5.66424065e+01, 2.90626965e+01,
       9.49296265e+01, 2.49565067e+01, 7.17599487e+01, 1.41590261e+01,
       8.60891266e+01, 3.99938202e+01, 6.08943520e+01, 2.14526844e+00,
       5.25218277e+01, 1.16276367e+02, 1.24776011e+01, 6.77838707e+00,
       6.94335632e+01, 3.79129618e-01, 2.00339276e-02, 3.06703186e+02,
       0., 0., 5.84066429e+01, 8.47884293e+01, 1.38982162e+01,
       4.68039856e+01, 2.40563297e+00, 1.27241905e+02, 9.35575676e+00,
       1.63679428e+02, 3.27628250e+01, 6.54946747e+01, 7.71570396e+00,
       1.84883982e-01, 1.29328033e+02, 7.54585326e-01, 1.40235424e+01,
       1.06392494e+02, 8.15737228e+01, 1.30899170e+02, 3.94389009e+00,
       3.06174923e-02, 9.76824036e+01, 2.27135956e+02, 6.50702477e+00,
       6.26122761e+00, 1.12664866e+00, 1.08274423e-01, 0.,
       1.67326736e+02, 0., 1.68016292e-02, 3.70746851e-02,
       6.60497189e+00, 6.26859741e+01, 2.13422318e+01, 1.49541209e-02,
       3.28606963e+00, 1.56909513e+01, 1.93595291e+02, 2.23523691e-01,
       3.79804850e+00, 2.72649884e+00, 1.40637922e+00, 7.29203262e+01,
       2.21310925e+00, 1.38681450e+01, 4.60650520e+01, 1.04588127e+01,
       3.45242805e+01, 9.25532913e+00, 2.33939171e+00, 5.93082581e+01,
       1.05013268e+02, 5.29993973e+01, 3.15776024e+01, 3.78475022e+00,
       1.31329279e+01, 3.33073258e-01, 2.22162003e+02, 3.16829538e+00,
       5.30095625e+00, 4.34679127e+00, 3.17471008e+01, 3.69714737e+01,
       8.34369888e+01, 7.13466072e+00, 1.35245132e+02, 9.55316238e+01,
       7.30463867e+01, 6.18782005e+01, 4.09360733e+01, 5.01852570e+01,
       4.23903542e+01, 5.68170853e+01, 2.21027012e+01, 4.67903557e+01,
       1.03306370e+01, 1.64862309e+01, 7.08204079e+00, 4.00656843e+00,
       8.89289856e+00, 4.72202730e+00, 1.84375458e+01, 5.95250559e+00,
       1.83544196e-02, 1.35661721e-01, 5.83853312e-02, 3.24839875e-02,
       1.04429035e+01, 3.43815647e-02, 4.61981297e-02, 2.24912238e+00,
       4.05754536e-01, 4.67920080e-02, 7.07190454e-01, 1.89582221e-02,
       6.99955082e+00, 2.69278251e-02, 7.94667530e+00, 1.21930696e-01,
       1.38882408e-02, 5.89244924e-02, 7.45469630e-02, 2.07397575e+01,
       2.22129732e-01, 1.19960177e+00, 5.41005060e-02, 6.27178773e-02,
       5.44709504e-01, 1.42249241e-01, 1.25127271e-01, 2.37586945e-01,
       3.17350721e+00, 9.76372808e-02, 3.51862498e-02, 3.00274283e-01,
       3.56724299e-02, 3.47770788e-02, 7.58992577e+00, 3.23995799e-02,
       6.61208630e-02, 2.69380689e+00, 9.32428598e-01, 3.32140326e+00,
       4.65369880e-01, 6.35604322e-01, 3.65033340e+00, 3.71163249e+00,
       1.50872593e+01, 8.19540918e-01, 3.89516354e+00, 6.69820309e-01,
       5.60656548e+00, 8.48874187e+00, 3.19278669e+00, 8.94024658e+00,
       9.19032574e+00, 5.14901924e+00, 1.81561985e+01, 4.09288263e+00,
       4.09053564e+00, 2.63455410e+01, 3.86383553e+01, 2.41666126e+01,
       1.43774452e+01, 1.30755854e+01, 1.75101395e+01, 2.02254772e+01,
       0., 0., 0., 0., 0., 0., 0., 0., 0., 0., 0., 0., 0., 0., 0., 0.,
       0., 0., 0., 0., 0., 0., 0., 0., 0., 0., 0., 0., 0., 0., 0., 0.,
       0., 0., 0., 0., 0., 0., 0., 0., 0., 0., 0., 0., 0., 0., 0., 0.,
       0., 0., 0., 0., 0., 0., 0., 0., 0., 0., 0., 0., 0., 0., 0., 0.,
       0., 0., 0., 0., 0., 0., 0., 0., 0., 0., 0., 0. ]
