%YAML:1.0
---
HA: !!opencv-matrix
   rows: 256
   cols: 1
   dt: f
   data: [ 0., 0., 0., 0., 0., 0., 0., 0., 0., 0., 0., 0., 0., 0., 0.,
       0., 0., 3.01503271e-01, 0., 0., 5.44957700e-04, 4.51573312e-01,
       2.60365516e-04, 2.01469824e-01, 1.23926578e-03, 3.02378446e-01,
       5.07364631e-01, 2.02538162e-01, 9.79845405e-01, 1.39473498e+00,
       3.05561960e-01, 2.57845569e+00, 9.70624089e-01, 1.19251943e+00,
       7.61251259e+00, 6.34125996e+00, 3.92201734e+00, 7.50239611e+00,
       1.81276360e+01, 2.49872589e+01, 2.01431274e+01, 3.65564613e+01,
       8.03110123e+01, 6.11922379e+01, 5.60377464e+01, 7.75336380e+01,
       1.07627403e+02, 8.92884827e+01, 1.25323952e+02, 1.07091759e+02,
       1.17564537e+02, 2.62278290e+02, 1.10694237e+02, 1.37274551e+02,
       1.40828079e+02, 1.62999527e+02, 1.53118912e+02, 1.82449585e+02,
       1.95263977e+02, 2.19311783e+02, 2.24703079e+02, 5.00000031e+02,
       2.18927521e+02, 2.43040146e+02, 1.94474518e+02, 2.17676147e+02,
       2.00449280e+02, 2.37028076e+02, 1.99072128e+02, 1.88460968e+02,
       1.91014297e+02, 1.72865128e+02, 1.83494522e+02, 2.25679642e+02,
       2.33791611e+02, 1.12337288e+02, 9.54249725e+01, 1.00911835e+02,
       9.59792480e+01, 7.64294434e+01, 7.21209793e+01, 7.28430786e+01,
       8.08264542e+01, 7.82139206e+01, 6.23315620e+01, 5.42083740e+01,
       5.42637596e+01, 5.99940529e+01, 6.42696381e+01, 5.79911804e+01,
       6.18929901e+01, 4.91709328e+01, 3.78447876e+01, 4.52485809e+01,
       4.88512344e+01, 6.25002289e+01, 5.69899254e+01, 4.98318329e+01,
       6.65657578e+01, 7.57174530e+01, 6.76131592e+01, 6.68719788e+01,
       9.67559814e+01, 8.38077698e+01, 9.47336121e+01, 8.95638046e+01,
       5.98077545e+01, 7.44224243e+01, 7.24257507e+01, 1.17365204e+02,
       1.01830376e+02, 6.80515823e+01, 6.41980286e+01, 3.98760910e+01,
       4.06506042e+01, 4.77330818e+01, 3.89096756e+01, 4.25025940e+01,
       3.35595665e+01, 4.53443489e+01, 3.61000404e+01, 3.76784821e+01,
       4.86372337e+01, 4.56369858e+01, 3.90112076e+01, 4.94064178e+01,
       4.47070999e+01, 4.31017265e+01, 3.34694099e+01, 3.58487244e+01,
       3.25078011e+01, 3.06420059e+01, 3.54655533e+01, 3.15989532e+01,
       3.00922451e+01, 4.20473747e+01, 3.15325851e+01, 2.69970589e+01,
       2.63359776e+01, 2.82070656e+01, 2.11650887e+01, 2.99242573e+01,
       1.81039734e+01, 2.50491409e+01, 2.55864735e+01, 1.56970129e+01,
       1.62277107e+01, 9.75591946e+00, 2.09274406e+01, 1.81925564e+01,
       2.47704754e+01, 1.63328934e+01, 2.17084045e+01, 2.48794422e+01,
       1.89001579e+01, 1.52141533e+01, 2.84938736e+01, 2.81286011e+01,
       2.74554577e+01, 3.38127289e+01, 2.33219090e+01, 2.50059090e+01,
       3.61039200e+01, 3.81386719e+01, 3.37913132e+01, 3.88362389e+01,
       6.07256660e+01, 4.16173553e+01, 3.66201820e+01, 3.14654922e+01,
       2.92455177e+01, 1.83134098e+01, 3.34842491e+01, 2.34665203e+01,
       3.37075005e+01, 2.65153065e+01, 3.14745045e+01, 3.11350327e+01,
       2.52057438e+01, 1.79247704e+01, 1.96923542e+01, 1.49981041e+01,
       7.01113892e+00, 7.71245670e+00, 9.30952740e+00, 1.11284828e+01,
       8.92134857e+00, 7.45344019e+00, 4.33064699e+00, 7.20817614e+00,
       5.62296009e+00, 4.64747047e+00, 5.42564726e+00, 6.31072938e-01,
       5.38768673e+00, 7.88537621e-01, 4.96272278e+00, 6.26938057e+00,
       3.85985112e+00, 5.60840607e+00, 3.63700962e+00, 1.92841613e+00,
       2.42909980e+00, 1.82284832e+00, 1.97470999e+00, 1.68783569e+00,
       1.90021026e+00, 6.22378647e-01, 7.31235206e-01, 8.27213824e-01,
       5.43385446e-01, 9.41066265e-01, 4.42080498e-01, 3.98852170e-01,
       1.56906739e-01, 8.61347377e-01, 1.25963673e-01, 3.75686765e-01,
       7.44058788e-01, 4.62775044e-02, 8.05702582e-02, 6.12222195e-01,
       5.11686988e-02, 5.60424984e-01, 3.06045525e-02, 2.72326767e-01,
       8.23321819e-01, 4.39854980e-01, 1.28712010e+00, 8.59096169e-01,
       3.47571999e-01, 1.24257994e+00, 6.91044211e-01, 3.76685321e-01,
       7.35576987e-01, 1.77361524e+00, 7.26964235e-01, 6.78049862e-01,
       1.02120769e+00, 6.12488508e-01, 1.22109592e+00, 1.02007961e+00,
       4.06927228e-01, 6.03833139e-01, 6.05246186e-01, 8.03434670e-01,
       2.02489018e-01, 2.01623708e-01, 2.02582479e-01, 2.01594070e-01,
       1.07946561e-03, 7.23992474e-04, 2.01727360e-01, 1.30693277e-03,
       7.09537417e-04, 0. ]
