%YAML:1.0
---
HA: !!opencv-matrix
   rows: 256
   cols: 1
   dt: f
   data: [ 2.33832733e+02, 0., 0., 0., 5.53836935e-06, 4.61265945e+00,
       4.24946823e+01, 0., 1.07546835e+01, 1.13591413e+01,
       1.05934364e+02, 2.13748217e+00, 1.43860865e+00, 1.81247282e+00,
       6.53332025e-02, 4.61870575e+01, 8.46039653e-02, 2.02614117e+01,
       1.80399914e+01, 7.31234646e+00, 1.49961643e+01, 8.05949783e+00,
       2.09065750e-01, 9.17275696e+01, 7.96587219e+01, 4.87617731e+00,
       2.05821347e+00, 2.88494802e+00, 1.08768381e-02, 0.,
       1.99079926e+02, 1.63192481e-01, 2.45014280e-01, 1.69189529e+01,
       1.54801970e+01, 4.12631845e+00, 2.65189247e+01, 8.15198064e-01,
       9.91660233e+01, 4.29323483e+00, 1.63913849e+02, 3.23268394e+01,
       3.96953735e+01, 7.61597824e+00, 7.15875268e-01, 1.52673721e+02,
       3.08130646e+00, 2.54444332e+01, 1.93339920e+01, 9.46360874e+00,
       6.44578857e+01, 4.57538080e+00, 4.79855657e-01, 4.48469734e+01,
       1.22422401e+02, 8.31101227e+00, 4.37771368e+00, 9.49100208e+00,
       9.11247313e-01, 1.65864185e-04, 1.59901367e+02, 1.65864185e-04,
       8.71369839e-01, 3.39221668e+00, 1.66286831e+01, 5.03555336e+01,
       5.55150833e+01, 1.89167976e+00, 8.48202515e+00, 2.39044495e+01,
       1.48435455e+02, 2.63854337e+00, 2.58682842e+01, 1.89662476e+01,
       7.64246798e+00, 1.03265213e+02, 7.26128578e+00, 3.08154125e+01,
       1.05604958e+02, 1.56158762e+01, 4.26747284e+01, 1.27683210e+01,
       5.92672539e+00, 7.81252136e+01, 1.37519318e+02, 7.38650742e+01,
       5.25301094e+01, 8.06702709e+00, 7.55607414e+00, 6.06149554e-01,
       3.70016235e+02, 1.89010072e+00, 5.28849411e+00, 8.34686375e+00,
       2.04453163e+01, 9.51424103e+01, 1.31980927e+02, 1.63708839e+01,
       9.44814987e+01, 1.00829514e+02, 1.20835846e+02, 1.43139923e+02,
       1.98576565e+01, 4.55345459e+01, 1.04057701e+02, 8.99784775e+01,
       4.42511024e+01, 1.64802155e+02, 2.85709057e+01, 6.85999603e+01,
       2.88380909e+01, 3.74361572e+01, 2.60026608e+01, 5.49194565e+01,
       7.86433792e+01, 7.28814392e+01, 1.08651756e+02, 1.78503510e+02,
       3.18143524e+02, 3.52196960e+02, 4.99999969e+02, 3.91783539e+02,
       2.82678436e+02, 1.64620422e+02, 9.10790863e+01, 4.46317329e+01,
       1.96588020e+01, 6.01992798e+00, 2.06466656e+01, 5.18193007e+00,
       1.94637070e+01, 3.47577739e+00, 7.42185259e+00, 6.28354132e-01,
       1.88995928e-01, 5.48758354e+01, 2.39902060e-03, 7.18115628e-01,
       2.16529942e+00, 1.89822614e-01, 2.92325616e+00, 1.77147449e-03,
       2.36196604e-04, 4.68414402e+00, 8.74843311e+00, 4.02060774e-04,
       1.65864185e-04, 2.82312900e-01, 0., 2.36196604e-04,
       1.30979843e+01, 0., 0., 0., 8.14280065e-05, 1.26295733e+00,
       2.82076716e-01, 0., 1.89508581e+00, 3.59944563e-04,
       1.07552919e+01, 0., 1.53128989e-04, 0., 0., 1.10290461e+01, 0.,
       5.80470031e-03, 3.77426386e+00, 0., 2.80123663e+00, 0., 0.,
       5.06602812e+00, 7.88445044e+00, 9.49317403e-03, 5.83591387e-02,
       0., 0., 0., 0., 0., 0., 0., 0., 0., 0., 0., 0., 0., 0., 0., 0.,
       0., 0., 0., 0., 0., 0., 0., 0., 0., 0., 0., 0., 0., 0., 0., 0.,
       0., 0., 0., 0., 0., 0., 0., 0., 0., 0., 0., 0., 0., 0., 0., 0.,
       0., 0., 0., 0., 0., 0., 0., 0., 0., 0., 0., 0., 0., 0., 0., 0.,
       0., 0., 0., 0., 0., 0., 0., 0., 0., 0., 0., 0., 0., 0., 0. ]
