%YAML:1.0
---
HA: !!opencv-matrix
   rows: 256
   cols: 1
   dt: f
   data: [ 2.47763153e+02, 0., 8.21810842e-01, 1.68262634e+01,
       1.10732994e+02, 1.40129852e+02, 1.46916809e+02, 2.16769867e+02,
       1.77081055e+02, 3.70604858e+02, 4.84817291e+02, 3.72699951e+02,
       3.37331085e+02, 2.44827759e+02, 500., 3.77835419e+02,
       3.05591309e+02, 3.91732849e+02, 3.92966705e+02, 4.96768402e+02,
       2.79884094e+02, 3.40114746e+02, 4.11291107e+02, 4.40225006e+02,
       2.86764465e+02, 2.28345322e+02, 2.05969421e+02, 2.58321136e+02,
       1.89386169e+02, 1.79984283e+02, 2.02083069e+02, 1.82332794e+02,
       1.95477921e+02, 1.30968948e+02, 1.01055832e+02, 1.13267410e+02,
       1.74108383e+02, 5.91187859e+01, 9.20054092e+01, 5.36015396e+01,
       9.83847809e+01, 7.15195923e+01, 6.38876610e+01, 7.31174316e+01,
       4.35795212e+01, 7.22607117e+01, 5.36057930e+01, 3.72837486e+01,
       3.91651726e+01, 3.61013031e+01, 3.70713005e+01, 2.44264202e+01,
       3.77330856e+01, 4.17346992e+01, 3.55511475e+01, 3.46194458e+01,
       2.16885376e+01, 2.57442894e+01, 2.54056053e+01, 2.78379288e+01,
       3.44921341e+01, 2.57330399e+01, 2.36174793e+01, 1.39776545e+01,
       2.17667198e+01, 2.76217384e+01, 1.73177395e+01, 2.83752956e+01,
       2.42298050e+01, 2.28074722e+01, 2.46244221e+01, 2.39933605e+01,
       1.94080238e+01, 2.02072735e+01, 1.74009171e+01, 1.74623032e+01,
       1.78730831e+01, 2.07290573e+01, 2.38469963e+01, 1.47598448e+01,
       1.33437128e+01, 1.62220097e+01, 1.43643179e+01, 1.27599096e+01,
       8.65699959e+00, 2.39171371e+01, 1.41988535e+01, 9.49301910e+00,
       1.44264545e+01, 1.81917820e+01, 1.85760021e+01, 1.55261745e+01,
       1.13168859e+01, 1.11048670e+01, 1.28333139e+01, 1.19339962e+01,
       1.94366074e+01, 1.39984980e+01, 8.75214577e+00, 9.62438107e+00,
       1.92390347e+01, 1.83160439e+01, 1.48044138e+01, 2.18676910e+01,
       1.35151186e+01, 1.63702259e+01, 1.54992046e+01, 1.62544098e+01,
       1.69120827e+01, 1.74055729e+01, 1.37814054e+01, 1.89001789e+01,
       2.30770779e+01, 2.80404663e+01, 1.47295885e+01, 2.18749466e+01,
       2.05000820e+01, 3.79993591e+01, 2.09121170e+01, 3.95290718e+01,
       3.86306686e+01, 3.07597961e+01, 2.79316711e+01, 4.34853859e+01,
       4.34121284e+01, 3.82894325e+01, 4.10806923e+01, 4.55684853e+01,
       3.86369133e+01, 4.90831146e+01, 3.87001076e+01, 4.42777710e+01,
       4.64064255e+01, 3.49121017e+01, 4.41427460e+01, 4.40412712e+01,
       5.75435333e+01, 3.84126701e+01, 4.72059784e+01, 4.98867645e+01,
       4.50685234e+01, 3.19068718e+01, 4.67364388e+01, 5.17531090e+01,
       4.18637009e+01, 6.36676025e+01, 5.91926155e+01, 4.33970909e+01,
       5.50269699e+01, 6.04022446e+01, 6.62503433e+01, 5.79152832e+01,
       8.61799622e+01, 5.32582817e+01, 6.21567574e+01, 7.05868759e+01,
       6.11674957e+01, 6.16759605e+01, 7.06796341e+01, 7.61278076e+01,
       5.34170341e+01, 5.83545456e+01, 6.42231445e+01, 6.48153000e+01,
       5.13961143e+01, 4.54583435e+01, 7.66239548e+01, 4.92008018e+01,
       3.59443436e+01, 5.02118607e+01, 5.71191483e+01, 3.87988396e+01,
       2.88530273e+01, 4.26831894e+01, 3.94806099e+01, 2.55584354e+01,
       3.60093727e+01, 2.76599236e+01, 4.18905907e+01, 2.89662685e+01,
       3.44094849e+01, 2.80511951e+01, 2.48897400e+01, 2.96579075e+01,
       2.47993946e+01, 3.40876961e+01, 2.36358757e+01, 2.90766506e+01,
       3.26274986e+01, 3.07792454e+01, 2.94308720e+01, 4.60226364e+01,
       2.28427525e+01, 3.61997681e+01, 3.92173271e+01, 3.75609589e+01,
       2.68553848e+01, 3.18547974e+01, 3.79773521e+01, 3.29038582e+01,
       3.35559807e+01, 2.65975800e+01, 3.44844971e+01, 2.13996239e+01,
       2.19959526e+01, 1.73669319e+01, 1.90603504e+01, 1.66970940e+01,
       1.38022861e+01, 1.52735538e+01, 1.41245518e+01, 1.58985672e+01,
       1.40803070e+01, 1.39118061e+01, 9.92952061e+00, 9.30052471e+00,
       8.07971287e+00, 9.24787426e+00, 3.46642208e+00, 5.60967875e+00,
       2.04175472e+00, 2.07684183e+00, 5.71661425e+00, 1.76624811e+00,
       2.64565945e-01, 1.37276208e+00, 1.11694407e+00, 2.44782758e+00,
       4.57049400e-01, 1.56306350e+00, 6.66381657e-01, 8.93410265e-01,
       9.16790683e-03, 2.31939808e-01, 2.20757112e-01, 2.27665856e-01,
       4.52036530e-01, 3.53107974e-03, 2.19746962e-01, 2.57319838e-01,
       4.40552741e-01, 8.20056256e-03, 6.47504628e-01, 4.36500430e-01,
       2.40479270e-03, 2.29602784e-01, 2.15634727e-03, 2.22700685e-01,
       1.28249556e-03, 4.32208508e-01, 9.39677993e-04, 1.07790089e+00,
       6.45250618e-01, 1.44263287e-03, 0., 0. ]
