%YAML:1.0
---
HA: !!opencv-matrix
   rows: 256
   cols: 1
   dt: f
   data: [ 0., 0., 0., 0., 0., 0., 0., 0., 1.81579008e-03, 0., 0., 0.,
       2.88325455e-03, 0., 1.59569434e-04, 0., 3.98923585e-04, 0., 0.,
       2.39354151e-04, 1.81579008e-03, 1.59569434e-04, 5.60693955e-03,
       5.44737000e-03, 3.94541537e-03, 2.09746119e-02, 2.07178760e-02,
       4.46539745e-03, 5.58562868e-04, 2.29817647e-02, 1.23544608e-03,
       2.72113271e-03, 8.77523515e-03, 1.66832164e-01, 9.56308320e-02,
       2.17736494e-02, 2.86918902e+00, 5.03783345e-01, 1.52163677e+01,
       2.08968735e+01, 5.53402481e+01, 7.50098801e+01, 1.69055756e+02,
       1.12859177e+02, 1.11180862e+02, 1.26286606e+02, 1.45621231e+02,
       1.44713043e+02, 1.38250229e+02, 1.53088348e+02, 2.30260544e+02,
       3.26097137e+02, 2.40343384e+02, 3.21910065e+02, 4.95203186e+02,
       500., 4.48776337e+02, 3.95065094e+02, 3.08969910e+02,
       3.27121399e+02, 3.32181213e+02, 3.35386475e+02, 2.27128952e+02,
       2.40207596e+02, 2.64518219e+02, 2.70594788e+02, 2.98334229e+02,
       2.51171341e+02, 2.69688354e+02, 2.87817963e+02, 3.48886353e+02,
       3.62845978e+02, 4.06748566e+02, 3.38308655e+02, 2.87648529e+02,
       1.64882919e+02, 1.46168762e+02, 1.29433990e+02, 1.08390839e+02,
       1.04679062e+02, 1.12889534e+02, 1.02527145e+02, 9.66840820e+01,
       1.05676086e+02, 1.09661346e+02, 9.14906921e+01, 1.27795914e+02,
       1.09421646e+02, 1.10996483e+02, 1.20364685e+02, 1.26971184e+02,
       7.22591629e+01, 7.06117935e+01, 6.06049461e+01, 7.58364105e+01,
       6.92681274e+01, 6.28599434e+01, 7.92670059e+01, 6.21942368e+01,
       6.90908966e+01, 6.12940331e+01, 6.63622894e+01, 6.99582291e+01,
       6.13131943e+01, 6.15338135e+01, 7.38305969e+01, 7.04891815e+01,
       6.09756317e+01, 5.86614609e+01, 5.22763710e+01, 5.47299995e+01,
       5.96694260e+01, 4.78660545e+01, 4.27484207e+01, 4.05744247e+01,
       4.08357468e+01, 3.98203468e+01, 3.45219650e+01, 3.12181263e+01,
       3.24023323e+01, 3.99042244e+01, 4.33978310e+01, 3.43211784e+01,
       3.98810043e+01, 5.16646385e+01, 5.29652023e+01, 6.03077774e+01,
       7.11491318e+01, 1.07615715e+02, 1.02647995e+02, 8.94229279e+01,
       9.07955093e+01, 1.21137505e+02, 8.96542282e+01, 9.95465546e+01,
       9.53570404e+01, 9.16461487e+01, 1.06498253e+02, 1.03642921e+02,
       7.49182358e+01, 5.38112564e+01, 6.30441780e+01, 6.87593842e+01,
       5.94229813e+01, 5.67117691e+01, 5.46670952e+01, 4.60396614e+01,
       4.82075119e+01, 4.01437988e+01, 3.95123863e+01, 3.97879829e+01,
       2.58420353e+01, 3.28702660e+01, 3.52720070e+01, 2.72507763e+01,
       3.86562538e+01, 3.67624741e+01, 4.21289368e+01, 3.51929703e+01,
       3.01450596e+01, 3.61050301e+01, 2.79849682e+01, 3.16348400e+01,
       2.06814289e+01, 1.88804722e+01, 1.97640610e+01, 1.57969084e+01,
       1.60044422e+01, 1.64667301e+01, 2.04340134e+01, 1.57226162e+01,
       9.00589371e+00, 5.17185163e+00, 6.19507742e+00, 5.63468790e+00,
       6.10282421e+00, 4.46896982e+00, 5.70713234e+00, 4.73109722e+00,
       4.41114616e+00, 3.87192988e+00, 5.59670210e+00, 3.19708323e+00,
       4.10583591e+00, 2.77115345e+00, 2.56369185e+00, 2.37754440e+00,
       2.88746214e+00, 1.99150908e+00, 1.54035628e+00, 1.88556921e+00,
       1.61532223e+00, 1.20638752e+00, 1.18229854e+00, 1.03386176e+00,
       1.66394508e+00, 9.98655796e-01, 1.45681322e+00, 1.13454354e+00,
       2.21257949e+00, 1.47504199e+00, 7.00978339e-01, 1.37292099e+00,
       2.09992576e+00, 1.33073938e+00, 9.09256399e-01, 9.37791884e-01,
       1.40255749e+00, 7.04437613e-01, 1.13924778e+00, 9.51305032e-01,
       5.74931502e-01, 2.60227680e-01, 5.25882840e-01, 3.93965423e-01,
       5.73265731e-01, 6.39181256e-01, 4.37653899e-01, 2.70239949e-01,
       8.83781239e-02, 7.58103609e-01, 5.91428101e-01, 7.49631822e-01,
       8.80588830e-01, 9.90868509e-01, 4.68878597e-01, 4.77941841e-01,
       3.21363062e-01, 8.03837836e-01, 5.35833657e-01, 5.36005020e-01,
       5.54710388e-01, 2.33605310e-01, 3.17615300e-01, 7.30300099e-02,
       5.07684588e-01, 2.72793382e-01, 2.12503403e-01, 7.65710026e-02,
       5.15354633e-01, 3.12027186e-01, 2.25798726e-01, 2.82584459e-01,
       2.85260618e-01, 2.36793593e-01, 2.72900254e-01, 6.02836251e-01,
       3.03110868e-01, 5.05097304e-03, 6.41724318e-02, 1.80851948e-02,
       2.38059536e-02, 1.83698814e-02, 1.62502134e-03, 5.61881671e-03,
       0. ]
