%YAML:1.0
---
HA: !!opencv-matrix
   rows: 256
   cols: 1
   dt: f
   data: [ 4.42944214e+02, 0., 0., 0., 1.91159114e-01, 8.00660992e+00,
       6.35853767e+01, 6.81264639e-01, 2.14984970e+02, 3.87482238e+00,
       1.74226807e+02, 8.91999424e-01, 1.27105522e+01, 1.93206921e+01,
       4.19108868e-02, 1.70629929e+02, 2.49365807e-01, 9.84701767e+01,
       8.36714363e+00, 1.13513546e+01, 1.53553741e+02, 3.91516380e+01,
       6.63800418e-01, 1.96562912e+02, 1.49359909e+02, 1.09221077e+01,
       6.33776999e+00, 3.31277809e+01, 1.21951491e-01, 0.,
       4.06985138e+02, 0., 8.74907244e-03, 1.79179153e+01,
       7.69098053e+01, 7.07699442e+00, 1.58151903e+01, 4.08859634e+00,
       1.03658875e+02, 1.92364178e+01, 7.49767761e+01, 5.77832890e+00,
       3.00515766e+01, 2.49696612e+00, 3.98679962e-03, 2.52126556e+02,
       1.23546433e+00, 7.43271065e+00, 4.56111526e+01, 4.21202278e+00,
       1.19258125e+02, 1.50695586e+00, 7.55293310e-01, 8.69146042e+01,
       3.08542511e+02, 3.80566335e+00, 1.26803601e+00, 8.64308643e+00,
       2.25551397e-01, 0., 2.14752792e+02, 0., 5.76984659e-02,
       1.26829755e+00, 1.85616302e+01, 1.07002357e+02, 7.55718536e+01,
       1.56841075e+00, 1.46974516e+01, 5.26200447e+01, 4.99999969e+02,
       6.17079639e+00, 3.67028389e+01, 3.77376823e+01, 4.35834503e+00,
       2.76734558e+02, 1.57394772e+01, 7.32337494e+01, 3.46656799e+02,
       2.68060856e+01, 1.22604477e+02, 1.84297009e+01, 6.48609638e+00,
       1.68926956e+02, 3.14168182e+02, 1.96002243e+02, 1.20179054e+02,
       7.97121143e+00, 8.56753349e+00, 6.39978200e-02, 4.67758240e+02,
       2.84729034e-01, 1.04038210e+01, 3.49509692e+00, 2.87017441e+01,
       2.26933182e+02, 2.00657913e+02, 6.50419855e+00, 1.17990623e+02,
       1.06509605e+02, 1.37826797e+02, 1.73457016e+02, 1.40282040e+01,
       2.75402431e+01, 1.11001606e+01, 1.03067574e+02, 1.61440182e+01,
       1.31577637e+02, 1.23882799e+01, 3.20662804e+01, 3.22679253e+01,
       3.55616646e+01, 1.86570053e+01, 5.09233437e+01, 1.86689186e+01,
       8.98317719e+00, 2.72328049e-01, 1.50223523e-02, 5.71726378e-06,
       5.71726378e-06, 7.41450653e+01, 0., 0., 3.70811403e-01,
       6.69046926e+00, 8.16971302e-01, 1.12036018e+01, 0.,
       1.89396725e+01, 1.91156268e-01, 3.92476082e+01, 1.05135942e+00,
       2.33945560e+01, 0., 0., 5.05753174e+01, 0., 0., 1.09576111e+01,
       0., 2.15983987e+00, 0., 0., 1.92567501e+01, 1.21565704e+01,
       5.44647574e-01, 0., 0., 0., 0., 5.72978516e+01, 0., 0., 0., 0.,
       5.83005965e-01, 8.32293320e+00, 0., 1.55277526e+00,
       3.16713267e-05, 4.01901970e+01, 0., 9.12549496e-01, 0., 0.,
       3.23354340e+01, 0., 5.44794381e-01, 3.72599816e+00,
       2.55178833e+00, 9.46231270e+00, 9.55781341e-02, 0.,
       8.20290985e+01, 3.81488495e+01, 1.71316278e+00, 6.17319679e+00,
       0., 0., 0., 0., 0., 0., 0., 0., 0., 0., 0., 0., 0., 0., 0., 0.,
       0., 0., 0., 0., 0., 0., 0., 0., 0., 0., 0., 0., 0., 0., 0., 0.,
       0., 0., 0., 0., 0., 0., 0., 0., 0., 0., 0., 0., 0., 0., 0., 0.,
       0., 0., 0., 0., 0., 0., 0., 0., 0., 0., 0., 0., 0., 0., 0., 0.,
       0., 0., 0., 0., 0., 0., 0., 0., 0., 0., 0., 0., 0., 0., 0. ]
