%YAML:1.0
---
HA: !!opencv-matrix
   rows: 256
   cols: 1
   dt: f
   data: [ 5.83269424e+01, 0., 1.75239983e+01, 1.75359974e+01,
       7.15125198e+01, 4.67562752e+01, 8.71026688e+01, 6.04800758e+01,
       1.79745499e+02, 1.48527817e+02, 1.75259995e+02, 1.31676804e+02,
       2.08078445e+02, 1.66523224e+02, 1.33176331e+02, 1.43280777e+02,
       2.79796631e+02, 2.86295837e+02, 1.13549393e+02, 1.87753662e+02,
       1.99010956e+02, 2.78397644e+02, 1.72250732e+02, 2.23617325e+02,
       1.86586761e+02, 3.25215302e+02, 500., 2.08926620e+02,
       1.43817062e+02, 1.89304977e+02, 1.83028030e+02, 1.14403664e+02,
       1.33864777e+02, 2.63027802e+02, 9.21458511e+01, 1.15819466e+02,
       1.25912918e+02, 8.65075760e+01, 2.27789124e+02, 5.61246986e+01,
       1.13040375e+02, 7.36041641e+01, 1.60674301e+02, 7.39455948e+01,
       3.28780098e+01, 3.82157478e+01, 5.80715790e+01, 2.98991642e+01,
       2.93531971e+01, 3.85486526e+01, 3.13353539e+01, 1.68494587e+01,
       2.28525486e+01, 3.35266304e+01, 2.83388901e+01, 2.47191906e+01,
       1.97532616e+01, 2.26753387e+01, 2.51333294e+01, 3.30584145e+01,
       1.90709095e+01, 1.87999077e+01, 2.49082165e+01, 2.43135777e+01,
       1.96953964e+01, 2.42831097e+01, 2.22134628e+01, 1.46459608e+01,
       1.46219368e+01, 2.93976364e+01, 2.41366825e+01, 2.01976471e+01,
       2.11164913e+01, 1.63569412e+01, 1.97171040e+01, 1.34731922e+01,
       1.52481089e+01, 2.82816448e+01, 1.52278280e+01, 1.50180073e+01,
       1.35556479e+01, 2.32758350e+01, 1.64830303e+01, 1.91988297e+01,
       1.85894737e+01, 2.24197235e+01, 1.08190994e+01, 1.45061007e+01,
       1.15277462e+01, 1.44228964e+01, 1.30868988e+01, 1.75243034e+01,
       1.39543152e+01, 1.78501282e+01, 1.55485497e+01, 1.78828735e+01,
       2.14453773e+01, 1.83646603e+01, 2.29420185e+01, 1.58340178e+01,
       2.30412750e+01, 1.82306023e+01, 1.84505367e+01, 2.21743870e+01,
       1.98196297e+01, 1.97645359e+01, 2.34447098e+01, 2.02586689e+01,
       1.35305481e+01, 2.61057663e+01, 1.96240330e+01, 1.99237537e+01,
       1.92658958e+01, 2.00062141e+01, 2.35843067e+01, 2.63996201e+01,
       1.90913963e+01, 1.69399090e+01, 2.17030983e+01, 2.78879108e+01,
       2.69344788e+01, 2.04098949e+01, 2.26894703e+01, 2.74363289e+01,
       2.59330997e+01, 3.52001038e+01, 2.36408787e+01, 4.38296928e+01,
       2.59245625e+01, 4.03809929e+01, 4.62872009e+01, 3.79412727e+01,
       4.23076019e+01, 4.74070854e+01, 7.06104965e+01, 5.57054062e+01,
       6.71350021e+01, 6.74391174e+01, 6.18938446e+01, 8.03004684e+01,
       9.40160141e+01, 5.69287071e+01, 7.78380890e+01, 9.65869370e+01,
       7.69385223e+01, 8.62805023e+01, 9.36336288e+01, 6.60129471e+01,
       1.00906586e+02, 7.16592331e+01, 7.71626816e+01, 7.34246368e+01,
       8.03905487e+01, 4.44397812e+01, 5.55121040e+01, 6.63531265e+01,
       7.45180969e+01, 5.62781334e+01, 5.05955467e+01, 5.38857040e+01,
       5.16292191e+01, 3.32322884e+01, 3.26091232e+01, 3.04359322e+01,
       1.75499096e+01, 2.81617203e+01, 2.33202744e+01, 1.27457066e+01,
       8.23809242e+00, 1.17317533e+01, 1.36015081e+01, 8.07520962e+00,
       6.87363803e-01, 4.71738815e+00, 1.00530548e+01, 2.64262438e+00,
       7.45778418e+00, 2.68630481e+00, 4.59942055e+00, 1.89497221e+00,
       3.64317274e+00, 1.44171691e+00, 1.02031755e+00, 1.46695924e+00,
       2.69473100e+00, 1.63275528e+00, 1.00939500e+00, 1.59719980e+00,
       1.35237992e+00, 2.04284146e-01, 4.31680232e-01, 2.28664422e+00,
       1.65457499e+00, 1.30450511e+00, 2.32262397e+00, 5.95119178e-01,
       1.77518177e+00, 3.89253795e-01, 3.67062211e-01, 2.30520412e-01,
       2.18033433e+00, 2.09363684e-01, 2.53151447e-01, 1.74537465e-01,
       3.77829552e+00, 2.17378929e-01, 1.82057247e-01, 1.91768989e-01,
       4.60790128e-01, 1.56136549e+00, 1.86275184e+00, 2.60288477e-01,
       3.67977262e-01, 1.37092456e-01, 1.23706050e-01, 1.37259871e-01,
       8.08560699e-02, 8.76497179e-02, 8.01714882e-02, 3.46572191e-01,
       1.69446421e+00, 5.75869046e-02, 1.17621213e-01, 1.06518611e-01,
       4.99534935e-01, 2.12796301e-01, 3.94376181e-02, 1.45498395e+00,
       1.54347882e-01, 5.56330234e-02, 1.58990681e-01, 3.27272303e-02,
       2.03111134e-02, 3.45152058e-02, 8.16135854e-03, 2.00611036e-02,
       5.08373491e-02, 2.25225985e-02, 1.57351351e+00, 2.00611036e-02,
       1.44879460e-01, 3.73251624e-02, 1.86919281e-03, 5.60757844e-03,
       1.00305518e-02, 1.22420387e-02, 8.87624472e-02, 8.16193689e-03,
       8.16135854e-03, 0., 2.04033963e-02, 8.16135854e-03,
       1.00305518e-02, 8.16135854e-03, 0., 0. ]
