%YAML:1.0
---
HA: !!opencv-matrix
   rows: 256
   cols: 1
   dt: f
   data: [ 0., 0., 0., 0., 0., 0., 0., 0., 5.87221235e-03, 0., 0., 0.,
       0., 5.87221235e-03, 0., 2.33590937e+00, 1.17444247e-02,
       2.83339266e-02, 1.76166371e-02, 4.03794348e-02, 2.42415398e-01,
       3.49665165e+00, 3.14572789e-02, 1.31743595e-01, 2.31919813e+00,
       2.33058834e+00, 3.18365991e-02, 6.61094964e-01, 5.64727008e-01,
       4.13776487e-01, 8.55341017e-01, 3.36882186e+00, 4.60405064e+00,
       3.96827769e+00, 5.89577961e+00, 5.95034742e+00, 7.09876251e+00,
       7.82369709e+00, 7.21311331e+00, 1.52734461e+01, 1.25556087e+01,
       1.17817984e+01, 4.98606834e+01, 5.29932632e+01, 4.51060257e+01,
       6.61819000e+01, 7.37277832e+01, 6.68308334e+01, 8.83298492e+01,
       9.87014236e+01, 9.92011566e+01, 1.60907913e+02, 1.06022781e+02,
       1.11500893e+02, 1.02989731e+02, 1.20068733e+02, 1.35256165e+02,
       1.42683746e+02, 1.84630936e+02, 2.02418030e+02, 2.53681534e+02,
       500., 3.03085907e+02, 2.16294312e+02, 2.02654587e+02,
       1.71792648e+02, 1.42332077e+02, 1.33804245e+02, 1.10209602e+02,
       9.59186554e+01, 6.92214050e+01, 6.49423370e+01, 5.46988602e+01,
       5.69437561e+01, 6.85192719e+01, 6.41111603e+01, 4.04818344e+01,
       3.68408966e+01, 2.93507328e+01, 3.41102180e+01, 2.81456413e+01,
       3.20419807e+01, 2.61806831e+01, 2.61335716e+01, 3.09338455e+01,
       3.54451523e+01, 3.12876186e+01, 3.05044346e+01, 2.52032566e+01,
       3.78365631e+01, 2.18459053e+01, 2.91342068e+01, 3.43796005e+01,
       2.07705345e+01, 2.76743832e+01, 2.58958626e+01, 3.14688511e+01,
       3.17191963e+01, 3.20413361e+01, 3.18366947e+01, 2.96994076e+01,
       3.55961304e+01, 1.81021099e+01, 2.85796604e+01, 2.47662334e+01,
       2.52385750e+01, 2.02873516e+01, 2.18526840e+01, 2.29666367e+01,
       2.83011398e+01, 1.60373077e+01, 2.76362686e+01, 2.75089092e+01,
       2.83557892e+01, 2.01940632e+01, 3.69642029e+01, 1.52542868e+01,
       2.78413696e+01, 2.88563404e+01, 2.21332912e+01, 2.40495586e+01,
       2.92637196e+01, 2.83098526e+01, 3.33793449e+01, 2.61568489e+01,
       3.20067024e+01, 3.96713829e+01, 3.34005966e+01, 4.20361252e+01,
       3.33506813e+01, 3.86083603e+01, 3.99217110e+01, 4.30941505e+01,
       3.78225784e+01, 4.13435364e+01, 4.08943939e+01, 3.33691788e+01,
       3.25269814e+01, 3.05845451e+01, 3.77198486e+01, 4.80746307e+01,
       3.80528488e+01, 3.40814018e+01, 3.16142960e+01, 4.09993896e+01,
       2.40828495e+01, 3.05984688e+01, 2.82827587e+01, 2.15948372e+01,
       2.06475620e+01, 4.94237480e+01, 2.21664028e+01, 2.31360607e+01,
       1.95552979e+01, 2.46288662e+01, 2.21128731e+01, 1.85748291e+01,
       2.15020676e+01, 1.43729429e+01, 1.34598932e+01, 1.97955055e+01,
       1.73381290e+01, 1.61552792e+01, 1.56028471e+01, 9.26140690e+00,
       1.24300957e+01, 3.26869240e+01, 1.36463346e+01, 1.15358744e+01,
       1.15125580e+01, 1.69224625e+01, 1.20784817e+01, 9.63694954e+00,
       1.36782255e+01, 8.05439091e+00, 7.03529549e+00, 1.37579927e+01,
       1.28734474e+01, 7.06352425e+00, 1.12904358e+01, 5.74017906e+00,
       1.50939493e+01, 8.43746853e+00, 8.18437576e+00, 1.34607725e+01,
       1.49645977e+01, 1.12675419e+01, 1.84983387e+01, 2.04522705e+01,
       1.97427177e+01, 2.49279709e+01, 2.54982471e+01, 2.44767284e+01,
       2.86480465e+01, 3.69590950e+01, 2.32128067e+01, 1.89353294e+01,
       2.38722115e+01, 1.81401405e+01, 1.42570763e+01, 1.42629309e+01,
       1.19859285e+01, 1.36088200e+01, 1.22287073e+01, 6.23465538e+00,
       2.19119573e+00, 2.49773932e+00, 8.59917521e-01, 3.94561982e+00,
       5.88670969e+00, 3.61870706e-01, 1.11407912e+00, 2.27736402e+00,
       4.13228832e-02, 2.82471132e+00, 5.80997515e+00, 2.65342093e+00,
       3.64909858e-01, 4.94088936e+00, 4.62805510e+00, 2.36080837e+00,
       2.33091521e+00, 3.47270870e+00, 5.78510475e+00, 9.26579475e+00,
       4.64062452e+00, 2.32211828e+00, 8.14467716e+00, 8.10016346e+00,
       6.98638630e+00, 1.50349112e+01, 1.04174662e+01, 1.10030775e+01,
       1.50617332e+01, 1.73573189e+01, 8.13866329e+00, 1.50664425e+01,
       2.83373470e+01, 2.42812023e+01, 2.36985588e+01, 2.94800949e+01,
       1.61929417e+01, 3.35012856e+01, 9.26524830e+00, 1.15682421e+01,
       2.32034945e+00, 6.93998814e+00, 4.62280846e+00, 6.27161330e-03,
       2.32230210e+00, 5.79078865e+00, 3.93995317e-03, 3.48343801e+00,
       6.25211326e-03, 1.35759285e-04, 0. ]
