%YAML:1.0
---
HA: !!opencv-matrix
   rows: 256
   cols: 1
   dt: f
   data: [ 3.27794571e+01, 0., 0., 0., 3.16671282e-02, 2.42436194e+00,
       8.01060200e+00, 4.06872094e-01, 1.65440273e+00, 1.19837773e+00,
       1.98037605e+01, 2.91074586e+00, 1.23048806e+00, 4.06573486e+00,
       6.65701926e-01, 8.59952450e+00, 6.85934305e+00, 3.44658928e+01,
       8.70641613e+00, 2.01754093e+01, 1.69872022e+00, 1.93938179e+01,
       9.14699268e+00, 2.13055000e+01, 3.12299252e+01, 1.38477755e+01,
       4.48978513e-01, 2.46764431e+01, 1.55164397e+00, 0.,
       9.28368454e+01, 7.51986052e-04, 1.38771715e+01, 1.64901306e+02,
       2.80244923e+01, 2.56982899e+01, 2.46466389e+01, 2.40321350e+00,
       9.67260818e+01, 5.96990280e+01, 1.06966156e+02, 7.93119354e+01,
       9.24957352e+01, 2.49343262e+01, 2.40114212e+01, 2.09578110e+02,
       6.10376434e+01, 6.26292839e+01, 1.28331543e+02, 1.24612869e+02,
       1.59347595e+02, 1.87113358e+02, 9.58552399e+01, 2.37933350e+02,
       2.98950500e+02, 1.96337204e+02, 2.87850128e+02, 4.09813904e+02,
       3.83258942e+02, 2.40884415e+02, 500., 1.45832687e+02,
       1.46249191e+02, 1.52431412e+02, 2.79207031e+02, 2.73192749e+02,
       1.35218536e+02, 1.18474632e+02, 1.24883347e+02, 2.25315887e+02,
       2.40821899e+02, 6.82687759e+01, 6.06214447e+01, 1.03319077e+02,
       7.92210312e+01, 9.52781982e+01, 5.74697456e+01, 9.29158859e+01,
       1.38144394e+02, 5.68136635e+01, 9.04458008e+01, 1.07543121e+02,
       2.70899544e+01, 8.96766891e+01, 2.40868713e+02, 2.11990677e+02,
       1.13291183e+02, 3.21293259e+01, 8.48498917e+01, 9.07356453e+00,
       2.82240387e+02, 1.24701815e+01, 4.86836166e+01, 2.16203060e+01,
       4.52936707e+01, 7.32049408e+01, 5.04528770e+01, 2.44961681e+01,
       1.34016418e+02, 5.68737831e+01, 8.24771729e+01, 8.82521973e+01,
       3.76805534e+01, 3.89131050e+01, 2.40947609e+01, 1.96763172e+01,
       2.26194839e+01, 1.51483793e+01, 6.26754999e+00, 1.49889965e+01,
       6.92581177e+00, 5.61956167e+00, 3.95195931e-01, 2.56011319e+00,
       5.81407499e+00, 2.17534065e+00, 0., 4.33822977e-04,
       4.62829399e+00, 0., 8.09258461e-01, 0., 1.12957530e-07,
       1.19072950e+00, 3.12978514e-02, 1.12957530e-07, 2.08652336e-02,
       1.04326168e-02, 1.32757092e+00, 1.04326168e-02, 7.54689097e-01,
       4.17786352e-02, 1.14758790e-01, 0., 0., 6.31034851e+00,
       4.51830118e-07, 1.20540899e-04, 0., 0., 1.02309883e-03, 0.,
       1.12957530e-07, 2.08652336e-02, 1.27868235e+00, 0., 0., 0., 0.,
       0., 7.51148462e-01, 0., 0., 0., 0., 1.12957530e-07, 0., 0., 0.,
       0., 9.50803399e-01, 0., 0., 0., 0., 7.30283186e-02, 0.,
       1.68712082e-04, 1.92684704e-04, 0., 2.29517579e-01, 0., 0., 0.,
       1.46431553e+00, 7.25534960e-07, 2.09695514e-07, 0., 0., 0., 0.,
       0., 0., 0., 0., 0., 0., 0., 0., 0., 0., 0., 0., 0., 0., 0., 0.,
       0., 0., 0., 0., 0., 0., 0., 0., 0., 0., 0., 0., 0., 0., 0., 0.,
       0., 0., 0., 0., 0., 0., 0., 0., 0., 0., 0., 0., 0., 0., 0., 0.,
       0., 0., 0., 0., 0., 0., 0., 0., 0., 0., 0., 0., 0., 0., 0., 0.,
       0., 0., 0., 0., 0., 0., 0., 0., 0., 0., 0. ]
