%YAML:1.0
---
HA: !!opencv-matrix
   rows: 256
   cols: 1
   dt: f
   data: [ 4.71251183e+01, 0., 3.94413650e-01, 1.30376873e+01,
       4.23484497e+01, 5.54596100e+01, 7.77330551e+01, 6.12472191e+01,
       8.35491486e+01, 7.33414993e+01, 1.36712814e+02, 2.25796814e+02,
       2.36433685e+02, 1.78327667e+02, 2.19045929e+02, 2.07188385e+02,
       1.98090576e+02, 2.70511505e+02, 3.66908722e+02, 2.69428864e+02,
       2.19408585e+02, 3.74077728e+02, 3.09818146e+02, 3.06712524e+02,
       2.54414856e+02, 2.65143677e+02, 3.02759277e+02, 2.06393494e+02,
       2.55193008e+02, 2.58827515e+02, 3.37237579e+02, 3.41893646e+02,
       2.89530518e+02, 3.89571167e+02, 2.43990509e+02, 3.87738281e+02,
       4.05517975e+02, 2.26839279e+02, 4.99999969e+02, 3.58077332e+02,
       3.47464294e+02, 1.87126282e+02, 4.12481506e+02, 2.53897690e+02,
       1.41361862e+02, 2.78656586e+02, 2.67307404e+02, 1.42347794e+02,
       2.02684326e+02, 2.09011765e+02, 1.52865845e+02, 9.99719086e+01,
       1.09476959e+02, 1.22649956e+02, 1.24819237e+02, 9.79363403e+01,
       1.06278763e+02, 1.03113777e+02, 7.65953217e+01, 1.10758347e+02,
       7.11427078e+01, 1.00826523e+02, 5.81595726e+01, 1.10943710e+02,
       6.69696198e+01, 6.44894714e+01, 5.71112366e+01, 8.34615021e+01,
       5.94250832e+01, 1.02989525e+02, 1.04235214e+02, 6.81992493e+01,
       6.56445770e+01, 6.67340622e+01, 6.36086617e+01, 6.95036697e+01,
       4.73048553e+01, 6.83353271e+01, 5.62744370e+01, 5.33081512e+01,
       7.35705566e+01, 5.76578407e+01, 5.52829094e+01, 6.27995071e+01,
       5.92369804e+01, 1.06641113e+02, 5.88559875e+01, 8.43810196e+01,
       8.43038864e+01, 7.73232040e+01, 7.00237122e+01, 8.47824860e+01,
       9.12072601e+01, 8.02994614e+01, 1.06359413e+02, 1.01763550e+02,
       8.77323151e+01, 8.89950714e+01, 9.28908615e+01, 7.08584442e+01,
       1.33540253e+02, 8.24948730e+01, 6.93333740e+01, 7.36916885e+01,
       6.70236816e+01, 1.76518814e+02, 1.46543655e+02, 7.37880096e+01,
       8.59830322e+01, 1.29081039e+02, 7.71402740e+01, 6.75757065e+01,
       1.21111710e+02, 1.12888405e+02, 7.44460449e+01, 1.18119415e+02,
       9.21671524e+01, 5.56562653e+01, 1.21858360e+02, 5.86147003e+01,
       9.12343750e+01, 4.25576286e+01, 7.11126099e+01, 5.06364746e+01,
       2.08054619e+01, 1.55501785e+02, 1.18611994e+01, 6.72638168e+01,
       8.28001556e+01, 2.96795979e+01, 1.41754974e+02, 2.91504745e+01,
       2.36820831e+01, 9.51353531e+01, 3.52558289e+01, 3.99388237e+01,
       4.25398445e+01, 2.83548012e+01, 4.14662933e+01, 2.72091866e+01,
       2.70970669e+01, 4.13948555e+01, 2.02994270e+01, 2.04923840e+01,
       4.15519104e+01, 1.57141352e+01, 1.45200567e+01, 3.09478607e+01,
       1.15360231e+01, 6.34750128e+00, 1.12056599e+01, 1.86923981e+01,
       1.95268059e+01, 1.56281395e+01, 2.97167206e+01, 1.58244381e+01,
       1.32771978e+01, 8.91201210e+00, 1.88782043e+01, 2.51252041e+01,
       8.25316811e+00, 1.25659218e+01, 1.02573853e+01, 1.11980801e+01,
       2.62516060e+01, 9.78555393e+00, 8.58579540e+00, 1.31293688e+01,
       1.33002443e+01, 1.04582214e+01, 1.97675762e+01, 1.27725906e+01,
       2.20160255e+01, 1.46211529e+01, 1.97016544e+01, 1.42826777e+01,
       2.14133129e+01, 1.18946524e+01, 1.38733854e+01, 1.41942415e+01,
       1.28732367e+01, 1.37863369e+01, 1.33587952e+01, 1.98694077e+01,
       1.19432955e+01, 2.38712425e+01, 2.69647884e+01, 2.63579445e+01,
       2.12769909e+01, 4.54075241e+01, 3.41476288e+01, 2.43694077e+01,
       2.63469105e+01, 9.71706486e+00, 3.17806568e+01, 1.65742035e+01,
       7.36930037e+00, 1.81688194e+01, 1.36287394e+01, 2.20267525e+01,
       1.53593130e+01, 2.46250496e+01, 8.19907093e+00, 1.10255518e+01,
       1.58031664e+01, 5.64899302e+00, 1.17397003e+01, 4.93023348e+00,
       7.95658779e+00, 6.28786755e+00, 4.72277212e+00, 4.72546339e+00,
       9.27605256e-02, 3.17783499e+00, 2.93621626e-02, 1.58463717e+00,
       1.58929974e-02, 1.28820205e+00, 9.26079322e-03, 9.44979191e-02,
       1.12770200e-02, 1.49887698e-02, 7.46028032e-03, 9.40695591e-03,
       8.39043222e-03, 3.00577153e-02, 3.47137898e-02, 7.28354976e-03,
       3.76446545e-03, 2.65519656e-02, 1.96856074e-02, 4.44356725e-02,
       4.10906598e-03, 1.73689678e-01, 3.35121411e-03, 2.24937834e-02,
       4.00342792e-02, 4.02327180e-02, 0., 0., 6.89200533e-04, 0., 0.,
       1.80051301e-03, 0., 0., 0., 5.65437693e-03, 0., 0.,
       5.76726801e-04, 9.94594768e-04, 0., 0., 0., 0. ]
